
13098665116
13098795486
13101006663
13101309077
13101319209
13101352235
13108992479
13118256601
13132378526
13167876369
13193201280
13198308783
13198597855
13212446777
13224004638
13251330838
13258202425
13272615863
13272677770
13272732250
13290098606
13308386960
13310227518
13320207090
13320255989
13320258802
13320297563
13320386366
13330232561
13330255989
13333333333
13340239668
13368051631
13368063821
13368075370
13368165555
13368379552
13368387266
13370701696
13372683231
13372697766
13384905384
13388917763
13388982682
13388994339
13389615696
13389641141
13399827585
13420984008
13436031311
13436036752
13436036767
13436064676
13436100288
13436145128
13439463127
13444444444
13452345089
13452450170
13452784111
13452795021
13452820953
13452855559
13452926175
13452936236
13502868896
13503011611
13508335776
13508340107
13508357847
13508358282
13512303936
13512340344
13512355500
13527308227
13527397089
13527446689
13527468243
13527484903
13527499180
13527514234
13527533695
13527540254
13527554579
13527575077
13531778133
13544444444
13550178055
13581660331
13594058668
13594108081
13594109556
13594210612
13594251170
13594372662
13594385033
13594593614
13594643422
13594760677
13601672366
13608301216
13608325128
13608372573
13609449461
13617605039
13617662278
13617663122
13617683717
13618217961
13618300551
13618358532
13618385832
13618393665
13627633994
13627678688
13628234328
13628283077
13628309939
13628311877
13628335257
13628356257
13628393333
13629714763
13629714841
13629761166
13629766433
13635453203
13637788833
13637803600
13637804095
13637860777
13637905000
13637973196
13638308734
13640573266
13647635105
13647660579
13648145361
13650508171
13650576861
13650577137
13657604527
13657639595
13657644133
13657649675
13657652286
13657657661
13657664276
13657680864
13657699161
13658388153
13658463238
13667632712
13667662865
13667670893
13667680040
13667690842
13667690905
13668007450
13668051440
13668096934
13668456819
13676804888
13677602984
13677608664
13677682511
13691939161
13696476696
13696493660
13708319329
13708321203
13708336027
13725528243
13752867906
13752892366
13752910505
13786905329
13802541425
13808087662
13823804834
13850666096
13882073289
13883058858
13883062735
13883086696
13883107736
13883131186
13883206918
13883211607
13883303178
13883358514
13883367276
13883377897
13883399900
13883423341
13883524770
13883525401
13883641768
13883768976
13883781362
13883786560
13883787512
13883817666
13883874658
13883938766
13883986935
13889692582
13896000753
1389601920
13896019820
13896085903
13896246364
13896306126
13896306588
13896389668
13896418111
13896535252
13896591600
13896725519
13896965899
13908250113
13908305218
13908325788
13908363333
13910422670
13910914943
13911659920
13923385445
13982611538
13983060268
13983067966
13983096026
13983096062
13983154839
13983159340
13983187379
13983196186
13983204535
13983242340
13983269666
13983273227
13983339520
13983360893
13983362341
13983372585
13983408288
13983649745
13983651073
13983714061
13983716967
13983821838
13983827000
13983832155
13983890901
13983960570
13983969920
13983999721
13993651073
13996009015
13996024607
13996095622
13996114737
13996165885
13996179615
13996180910
13996189882
13996200091
13996222927
13996233902
13996467551
13996484813
13996485480
13996497551
13996532876
13999521450
15002392208
15008271131
15011072325
15023046003
15023120977
15023177912
15023409139
15023413144
15023723943
15023756243
15025363907
15025465662
15025530888
15025785505
15026596554
15077353777
15082871693
15085067220
15086614299
15086632223
15086666447
15086667613
15089344010
15102353573
15111901811
15111913401
15111958707
15123077266
15123083445
15123106867
15123114316
15123246118
15123310949
15123368819
15123399148
15123512901
15123556288
15123822644
15123836294
15123871316
15123972019
15154870977
15178783863
15178862016
15178930613
15178948298
15186347991
15202339388
15213114617
15213186038
15213295579
15213385626
15213431575
15213591183
15215020439
15215055760
15215154709
15215181243
15215193201
15215275954
15223113234
15223152600
15223231898
15223275862
15223319793
15223325480
15223358278
15223385313
15223399875
15223410360
15223417752
15223469069
15223622222
15223622442
15223622552
15270916770
15291594759
15310030326
15310080099
15310618804
15320276001
15320328018
15320341133
15320389667
15320503838
15330250593
15330250599
15330550859
15334560607
15340437863
15340446495
15377907108
15522312251
15523480686
15523765666
15523846162
15535621236
15537505981
15652761898
15683342979
15683628796
15683628797
15683633377
15683652014
15696094696
15696138993
15696447875
15723070428
15723164676
15730021095
15730198500
15730199220
15730213990
15730239906
15730407070
15730423640
15730795288
15736097336
15736181534
15802305158
15802321881
15802369616
15803678608
15808038583
15808062487
15808074615
15808098963
15811147966
15823011527
15823032206
15823035173
15823076578
15823090782
15823104352
15823166496
15823716543
15823818302
15823986632
15825790288
15825908829
15825923006
15825931561
15825990533
15826058827
15826085189
1582610623
15826106234
15826110544
15826132186
15826140188
15826165781
15826399998
15826469713
15832311559
15856031333
15870415889
15882427331
15902323533
15902369043
15909309011
15909336097
15922540456
15922620462
15922741131
15922824068
15923014685
15923157021
15923294822
15923307321
15923321800
15923552304
15923948191
15951875726
15959279580
15972283677
15978969269
15978992479
15980522422
16766776666
17152348966
17300210012
17302312585
17308371990
17316792483
17318411815
17320427822
17353107358
17353262408
17365226670
17378385238
17382376134
17384088813
17602377773
17623816020
17623883413
17693229939
17708322556
17708341148
17717644774
17723262075
17723530248
17723582121
17725092311
17749960992
17749971191
17754911068
17754943945
17774977940
17780806769
17782013981
17782280446
17782323393
17782328962
17782336780
17782336781
17783051995
17783077939
17783115110
17783194523
17783198683
17783199571
17783462981
17783528801
17783842507
17783846861
17783893255
17823686976
17823875862
18002347172
18029880716
18046057585
18084051660
18138903223
18183059277
18183145954
18184003508
18188319267
18189980688
18203009155
18223002371
18223004230
18223007605
18223009417
18223235463
18223247846
18223290386
18223319121
18223456880
18223459329
18223483033
18223865630
18225381941
18275549575
18290499301
18302310374
18302386196
18323048914
18323133552
18323193668
18323222026
18323333360
18323336080
18323840753
18324111607
18375718342
18375729510
18375795186
18375943308
18423350685
18426269624
18426445268
18502301212
18502307388
18502375850
18502380529
18502389879
1850239829
18505876558
18515056212
18516691962
18523002809
18523023772
18523031123
18523061310
18523061578
18523081285
18523212896
18523227887
18523248719
18523312123
18523340789
18523412517
18523506510
18523526912
18523577326
18523599667
18523628817
18523633043
18523837223
18523842315
18523893770
18523962211
18523971799
18580017038
18580036556
18580061237
18580129150
18580156080
18580191966
18580200525
18580253480
18580273268
18580370818
18580505677
18580506111
18580592935
18580593857
18580659625
18580696991
18580711110
18580713900
18580857765
18580864442
18580882565
18581078448
18581078904
18581144717
18584659597
18586273268
18598567352
18602330380
18602337423
18602360143
18602371100
18602390950
18612507161
18623002545
18623006759
18623007020
18623022042
18623062906
18623079887
18623084011
18623085722
18623085724
18623100665
18623100752
18623101933
18623137755
18623154917
18623176710
18623179009
18623188102
18623191641
18623270913
18623382395
18623411593
18623428113
18623444027
18623450848
18623545270
18623565726
18623588757
18623602197
18623614717
18623624079
18623633029
18623675762
18650796081
18654107899
18656458877
18679182235
18680710202
18680722275
18680724860
18680736199
18680737503
18680746423
18680758215
18680782675
18680824282
18680828511
18680839945
18680854441
18680855923
18680859246
18680885410
18680898205
18680904991
18680955011
18685454007
18696519362
18696522345
18696587795
18696587916
18696609260
18696617968
18696668045
18696685554
18696729098
18696761533
18696762171
18696894612
18696902615
18696950706
18696963577
18698588690
18702307015
18702314402
18702320972
18702353094
18702358814
18702358853
18703519066
18705788715
18716203732
18716464591
18716465129
18716631219
18716660999
18716709586
18723196305
18723341626
18723368626
18723410599
18723476004
18723488343
18725638935
18725749460
18725823876
18725928054
18725987391
18802345666
18804038812
18807727715
18875004780
18875105531
18875218117
18875284179
18877706611
18883713186
18883740005
18908319116
18908329219
18908346740
18908392936
18908396001
18980466134
18982120533
18983207888
18983269444
18983323532
18983361961
18983653283
18983655551
18983655552
18983798886
18983915018
18983988888
18996093666
18996131797
18996234480
18996346291
18996352310
18996352616
18996473079
18996591119
